$ANSIBLE_VAULT;1.1;AES256
35313766383464613531343666343936303965633633353239303135373462343264313737336133
3438323639356534303063626565356161663439353134360a333939643963303336343736666533
34346666353938376531643166373665636664643031626334313638363064373234343034346139
3461656161363135630a396263623463396466313237666432353438363139323133656666656435
63386365646634326462306536386364643565333361373835643764623163326232616635373534
39613138393239626665646235353734336531366333666563626566396561306161353435653537
33633834316535386661316138623130356230656161333638303433323834316666343266653766
64333166393237393966386138633832613563336631643330336464363039626466313432653333
35376338613765366533303638323331653032653063643636633436643161353263636134303563
30373833373137363538633633653961653263323738383931393031366638333832623861633838
64626435653831313237353834343665636238636366396431616362363361376138346535326330
66373062393237393134623166336336343766653763643965613562333335326135333239313662
36386631333566306538636166643439336663353039393832346537646338626366653730373265
33336538633464333162396133313832343236313533636662363962313133656666393636323538
38663566316363336634386230343866393866316530616232366336333539663238373630616632
33396234393963396632393237363135336232376234326363626235326536653737616535303432
32303663393964386638636565396337633530643234633564623061376164663266386664313565
35663664613230646436326431636437333337303634343832663633373435646630663366303638
61633264386261646231653034393362386535323461343534336630313935653362343363353063
38623833383633306164623061656161383764636666386131313061393238353539303732623333
30346263323737313936616135366139393735383738623661306165623630623965393164623263
37303233316233613838366436386664356430613132653632323134336261363835386233666534
30393732333866616239383364313234363736636536643163373530656239316463623665343237
38336336316564336165386631646630343036663565643036643937663665356232313764616430
30303138363434373136393664323835346136333533393664383233323230633631666638613563
36366261326232643663623135623965613637623639353365646631326563666439666230653965
61626632363234376535633934643965663237633265653137653638353264383166653164636530
33643962376661623232306161343262366464356634616336393930616263363036383630656334
33383161373639646366616566333034383163653537636138636130306238323632363032376236
64323536343738663233323334653335626665393639663836653061666561623633646537313564
38633431396336303237633139633862643761336664646563316636623135653435653234313536
39353733333664313938396663613239653836653935363537316466366261616136663333383863
61323964373664346362643438633138346530623264353165383863393266613737623035623262
35316532336561386239373064356431396365316638313436326661313836356134626139323062
35653966346662316138356162653139353464386361303235376131376235373539363739656566
66386333383134393931663336616165393639303932373637366563333831396162376533383163
34323938663564643033346466346439343533653763363139326338303030626163613634313233
36336562346638313966386161383263653163393434636439373363303639363036633366306136
61326165303933623934303362323262303136323936313638316563386535346633316661353130
39306662393635316138386164353762636566373335303262323236353038626536373566306134
31643164636233303134353765636662636263663661623266373163323935383531333036326130
33653033383234396532323433366434303934616262616164383332373037616439386164333163
38313861633130353833316138363161366233373039343064376439393936396464376465623337
64626262366230373661623535346561316636366336653635386466396163353737636633393964
36383833336138666434613235326463633166363435626338396162376134343236353838346564
61303262326232303833666161386437343133383265316334633866373766663263376363653132
34323832303662646231653337336131643332393636356237376461643137646162646162366138
30393062363763636463633130363139346136383061393463646139376130656266303834373262
66346236363265643865613335393930363365663935313761333530623330646433383334643038
66316433353166376637356164353134376335623061336464623935653630633262313261303363
31643265356136653733313332643633373963313231316238343132323134363735336262383836
36376637623766336630326135313764356535336365386339363965643533623565613864643132
32616537666465386364393965393062663734343236333033376663346261336538333961363030
39376464643261366338376134313838306566616338343962653030613965643666366235613634
37666263346664396362343566303435346465663132353431393938343133393539306139626333
38363737333837643931346565303064313431636364356537666336396135373231366435353030
32346539303665336638666661636564353864386266633439663435313761666539366135616630
65363937663237306366663132353938393732306436313834373330343734383263313738613265
65303366373532306265643838373238636430383332663431386535346638386330613263386636
64343063303338633162623239366636666439366366643337633036666230643132646430376339
38386430373531303561663633373634656439363463393930343131396639646563363430396134
62386635323736353563346130343238616232303365373130626562653636303936386336616633
30316537633832366637393063376432336537343566323065306562363633346161343731323164
31323962383761633166316137313835376637663135323137386131326165333634616339333261
39396632396233303631633132626536363736613661386338613833393538336135333433383534
65666633316366386634346232656665623537666266653962303737353134313561333761323765
66343639653864356130616331613333623665383264346439326430663662376561313234633162
36343638373731353934393262383733656566306561663134356261343265306463636334353731
39356238363863356432356139363336313361656461383065643933356463393335633135613230
39323136363234373137316466323166326361623738376137316139366566383235396661353132
38306634313733353662303761343163613334393261346164383133353836303365363633643937
32666539663635643937333232346562396365623464656238373063343434396636646430336333
34623464313261656238653461623765323762393162396235326239613039653163326337353131
64646535363964663230373539623135346537643363356431393561376439623662623831396163
63356364373066306165313366376537616566653333353835326334363862643736383831363530
65366561356430326131323533663862396561323861653235343066373662643063343935646262
35346338643236373562663339303962356236323932393633613766663134323833396637383962
34363563626464303232393461303036323731623932323630376436356633373831306136306162
63343964666338323830313064383332316165626135626261646630363835616133633736316330
62316664373931393563303462653837636232383563633531666163306262663635656338653137
37366332326639636630323963653134323631623232373139376130313964623738356130613936
31666631343731396437323438633434643236363762373735353335326138313730313934613066
33636662366334363662333536633431323239623432636164346534666266383232303366366536
32333832373636623865393130386434326131303638393638616232343930333530353739643636
30306631623565306632353833646638383363623632623630396230336538383333396431633562
64646365363666643761643032356137616335633164653264633234633238633836663961363030
31393932336164353064336538646436393162346335313062313839623830626361613739383862
36333438373563643665303538613136613434643630326435613062623632623963353433356531
38356230353938313730313937326162336530626538666464633863366339336135316234386565
34666132323238633265666364336563623065626466613237336262383266356437383037646432
34303262643238383238653465626563363434373430356461336565383030383230346437306662
38623561656637393730306530336438643037663338383136653362633934616230333862333034
30333039616266356164616664386337663830376165643333383463613236636235613863623335
31316537333739323038336662626134316136343834663833323962363366303634653964636233
65666338373366353230656536303138346135663039616336353530323231363561386433313536
36386133303431303961393035373564643933323166633566373730633139656537336163343362
66636562646535353965373734316537626364663363303836613136623261343164646436666263
35653530373930623734623363326631306132343931353764613333363362616334336434623938
38366263623238383735383762393133333964363462313339363833663137323038386531313933
62326665376264656532363230373564313831326335373264343031623033303966323136323231
33653133306331633761346234646366353337393235666435376633386333336533636361396161
30633461616633366365306236313866636165656437353734336462643763316664366433653235
31646538383736616537616533636663313365343432323935623931623864633262376531306261
62643764376536386662393866646336616562666262366233386136353831643064353934333633
38656565636263343265666234313530363263366366313536613065326266633631336536363538
62383561303935316132303565343730633334383636666562343665636164333532653162336631
38373933356531636266646161376566353466633866663462363133356263656265346464666462
38623562633331363463396539646135646265386138393363656432623533653337333733393235
66303633613866376364303136323530323737366531386433313363616165396538373530633933
36313864633936386630666664646432633763396362346162343232313939663030636438383836
36353764636661613535393838663665303464626132353336663665386232643230373966626466
63326236646337663332323930656563313464393566326430336336306662646534303735333735
38376666366532383531373530373530666438663833666632316333306639393161333230653539
33393238323539313034326336373839383830636261626163303464333737363535333864633038
65383932643437313933656233666262353164643030333430333235383238396335663435623064
31353162353032313663343934383838653331643333623930663864306565656163626634663665
39353362323538316665383837383333323134623231643061326562393961613437386437623534
62626432643463303131316363366331616539616436313839366238326139316338383931356633
38316639323264613330633462346133376131303665663032356236373361623033393834613932
33636236303137653664393438623063353432646634363336383036656432306465653734336462
62373061643431623536663937323261333765623530626235396562343830373533373834326137
39636233646536383335633766313130316162626163363166386361376334346237313930613962
39643365623666343831326235373662313363346532353930613363353261633364316330303739
31613565376162373538633561633163336466663062373138656538363839623166343363306363
61643339336230363336353963313362663864373331616135353662363236313335363966306165
66373865373466393737373661376665393362316131653336323734333362396635383931313063
39313336363164363533303566386531643861616231366263323936316438393835353737616230
38346237326165303166303531623865396534636665356566643534323537653535393437396436
65383332343465623935336439383062353036366632363834646265326330613761336236376432
66336366323633623866326664663434393931306132326534616363396431363636663130653434
35303665663761313336373765356537343364323335353833333137313064663866306164663165
34383263373163656136626265623234356136303366663039373963376539396338373633356238
31663566396532336430353863386430363436343337616237393065623161366132396535373261
34653565343764393966623464383438643062666434323435353966393330343338616636666466
37313937346364383061636334633532306538633362393537666336363231613364313239623031
38333432333364613862326562333136363365646661616362363132623138353265663061363530
63393931643863363562653731383331636332626639633464383036333337306630306364316638
37663435626632373436623238653961386332333131646261653038623936636431343335303236
32396264646533313035376266353566383863393766366138356661316466353338316435616138
63613230356365326462373133343833383836313733373734393135653931663462613437613239
38373934373032356332353630636363376563326237333630366232343661383966353665643435
32396263613533623937643164383032653439333431303461306135346537386333326538343865
38313239356332613063336163343536363236616338653865396466653664633339376263353436
30613066383038643234313563363734346535653032306339383731323763393165323662616531
32366463323531373439623863613034313863626433656139303365646466363233343966333533
36346632643430336138383364636562326530393164643965313036666430303431363831313936
32353230353230653436656139623764343966636166383132626166663537613738616137353336
34656532323361656165643835333061306536336430626434613362363966333130353065343333
36366334316337326636333161323830333663346435633638353633333631323535346534663638
62653837326166313363373065386663333863663937616130336662636237323538373033333635
32393737663865386635353731653436626534386534363966653231366536373238393333623937
65373533363461313639346336396462353337633962303131303436386263383936626233373138
64363139653066616437626635633532663563303830363164646632373565636237316137363330
36366564336564663835303666386432353766366264633433356136346463633063636564653835
38613237346230613638333162666635633461623832313139623237376635376263356563303266
65653036636264323236326262346334623639656663616633363837393938333432396663326235
61393733323965363764393063303339666562376137623939656165643033363339663239356364
31656266356364316337353435346338616437333831663431303430353037373263333934623163
64306264373063366466343466323565616634376338313664353434333439376430613361373936
66353962386330643931383461653039343135623765306331636166623062396434643664666239
32323063316533373136333162646461643564353439616336323065386436666166353965323337
30613038333463383932336639346465396666386332353939633738363635306433333132656239
62303131343332316366653361653463353461393139353437373838393135663061323331633664
36343933393566666164316461386238643066656539613337336534653132613861366538323136
39383732376531363236393861313131333535326162383131343033663662323361393639643937
64663239323230663166356337616332386366336562343538626563623532663038313463643938
33383064376435383166386166353363636261366464303066386563333064336334323339656363
34623331613630653737333561663136383139646339303666363563636362653730393565333835
64336230363632643238663566663262393131383034666232396661646230613532666565616266
65663763396431316664653231303064306161326665373039636238646338386433336433366363
38396130366239613138346639376433313830663138653031373838666632323862663731666537
65383564383537623739663432626632646366396433656634323962316232383562616162653865
65383034636134356636346366393764663763613830393263316530646536633331663965623833
35306465343562623566303032336162316437396663336136393336623733633232346433636536
64333839383438383263616238643764656135316238313166316263633263643130616563666335
64346561326233326661
